10000 50000
34 119
56 142
70 78
75 153
1 56
20 132
90 197
11 151
16 3
82 3
58 143
3 102
10 123
10 194
51 168
9 120
33 38
13 30
40 57
91 48
1 54
23 158
76 191
7 43
88 107
35 30
97 50
64 148
75 175
50 109
36 167
59 198
24 89
77 72
82 86
19 54
86 99
58 172
85 149
49 166
8 108
39 71
41 107
16 196
62 103
83 192
87 29
94 9
39 41
95 170
45 13
42 186
73 175
98 141
12 78
68 178
32 166
49 13
89 73
72 38
59 161
72 73
33 59
31 199
25 70
67 61
82 141
68 108
62 73
66 129
55 11
60 150
36 40
70 72
11 133
39 178
46 141
62 18
74 153
13 34
88 159
66 146
42 103
1 164
4 122
91 32
80 3
18 1
15 2
13 168
45 127
49 168
50 12
3 89
78 158
76 89
82 133
11 192
88 82
74 18
77 161
84 114
25 135
57 69
18 197
70 149
68 22
34 80
57 117
29 184
85 19
21 28
48 24
66 30
43 23
14 78
3 71
33 103
64 110
25 73
49 177
45 31
24 170
19 66
1 137
51 94
2 135
75 58
50 135
8 62
6 61
42 40
31 3
2 160
73 57
62 181
96 133
19 63
29 188
55 158
39 32
90 146
42 195
58 173
3 146
24 15
42 21
8 176
93 118
4 43
66 160
73 9
66 66
51 123
67 12
91 172
47 129
13 134
53 46
22 148
9 178
10 121
23 150
58 15
41 183
94 177
94 162
21 21
89 47
13 124
93 169
33 77
88 101
96 49
87 193
80 71
22 159
78 139
53 57
64 91
46 175
4 155
40 64
99 1
79 61
86 11
32 44
87 151
75 59
64 147
96 131
35 183
83 120
49 199
76 38
93 29
69 174
15 31
29 121
94 77
37 60
65 94
44 12
17 91
81 156
83 84
40 45
92 138
20 174
22 60
71 180
41 134
54 3
82 95
53 182
54 129
51 107
22 183
61 74
17 10
56 120
100 148
78 47
9 105
81 200
10 114
20 28
32 92
33 127
73 33
8 150
55 86
28 171
6 52
83 54
73 34
13 182
4 27
75 168
48 172
33 55
100 186
9 85
87 105
58 49
1 167
57 90
38 90
30 195
80 175
45 63
5 141
75 150
65 105
31 33
93 172
98 139
60 130
58 8
48 124
33 146
25 16
37 153
66 134
35 163
48 191
57 174
19 58
28 41
62 71
82 25
90 23
46 19
2 171
61 116
94 116
81 105
45 27
21 85
3 195
44 69
63 172
61 82
57 25
2 143
19 171
35 113
81 159
6 175
83 29
13 82
26 99
15 151
10 122
15 83
70 128
77 175
20 189
2 108
18 65
22 119
41 190
100 96
6 26
26 192
70 25
9 138
10 168
31 84
10 180
31 141
18 172
42 121
27 44
31 27
99 52
24 106
75 177
55 127
91 122
1 198
11 109
18 139
37 171
13 79
52 17
83 107
59 185
62 20
68 40
34 72
23 73
72 48
45 178
17 150
66 62
89 24
31 3
80 30
96 172
65 49
13 113
21 20
34 102
18 128
76 145
65 170
6 200
77 128
24 107
6 164
19 5
92 79
97 153
99 82
2 115
42 49
23 148
66 145
78 10
10 4
90 24
18 34
96 17
40 74
27 43
9 97
96 97
71 179
25 145
86 88
31 160
89 176
85 99
11 34
87 111
90 16
99 43
55 72
34 28
14 151
46 97
52 31
11 65
70 43
40 194
23 31
55 51
2 165
16 44
45 166
17 124
62 142
65 67
72 11
55 49
5 199
54 79
97 171
67 117
56 135
13 43
92 56
75 180
29 161
74 24
35 109
25 81
18 28
67 24
7 140
92 49
37 33
34 164
41 184
65 109
79 24
24 110
46 27
86 188
74 148
1 183
11 88
90 30
37 34
22 147
30 34
35 106
60 6
14 160
20 188
67 185
45 190
1 138
41 167
77 129
24 149
13 162
47 55
21 171
16 57
100 26
83 166
71 85
68 13
66 107
5 95
96 97
11 48
49 103
4 188
30 12
57 132
4 199
77 49
21 184
7 168
8 191
8 23
49 3
82 191
75 13
2 42
69 85
89 159
51 117
65 163
95 190
99 2
48 200
46 167
90 30
14 112
70 200
53 158
79 18
42 83
36 46
57 189
100 102
43 186
100 188
86 20
76 197
67 39
97 35
33 32
20 187
29 177
19 79
4 42
64 44
36 106
58 78
83 119
96 50
88 170
3 156
40 110
43 123
60 98
13 10
20 189
100 184
27 154
66 82
80 77
72 72
12 84
56 13
96 73
25 82
66 127
44 30
95 10
26 167
68 172
38 124
25 174
13 62
73 12
67 3
4 12
95 45
65 16
30 83
84 114
52 31
63 40
83 80
63 120
16 112
65 165
55 113
37 114
71 179
83 190
90 193
69 161
26 157
49 7
52 193
3 67
36 79
56 173
97 43
19 63
66 160
44 52
65 176
80 193
79 177
29 73
16 76
7 28
45 79
98 104
11 5
12 43
61 60
77 63
1 192
81 87
59 22
21 81
7 147
82 53
36 78
31 117
100 68
14 172
98 67
37 60
2 152
76 147
44 53
41 118
59 61
63 65
35 98
28 13
69 89
75 59
74 188
69 81
79 25
29 10
59 193
9 34
37 99
91 139
28 153
18 121
80 52
22 93
35 132
53 176
83 34
58 134
82 194
34 173
100 27
22 118
63 145
80 131
1 76
61 2
49 74
62 97
83 131
45 90
53 20
67 177
58 110
36 124
11 63
11 2
19 194
3 159
7 91
64 191
61 77
26 112
8 143
18 78
64 132
30 33
20 74
100 161
81 14
49 133
41 53
4 120
8 6
85 189
45 151
66 197
25 165
25 71
31 104
46 135
68 53
39 89
89 150
94 47
53 136
41 122
48 59
65 54
16 111
47 89
68 125
6 6
18 132
39 132
41 181
61 180
46 24
38 19
78 160
85 196
85 5
24 11
1 169
5 101
66 190
43 195
53 29
96 49
3 169
48 178
87 182
1 134
30 108
97 103
98 161
91 176
97 45
49 175
63 79
18 4
30 121
27 2
78 95
64 95
60 70
72 79
83 99
84 125
65 33
88 148
53 191
51 162
57 81
70 46
27 37
18 76
93 49
57 95
10 172
25 191
45 90
63 195
32 68
87 152
37 95
57 50
48 107
24 34
10 167
73 50
48 76
74 173
78 119
27 82
17 122
48 90
91 85
12 15
38 145
2 160
49 118
79 98
42 46
87 18
47 129
19 32
74 138
6 54
94 105
34 130
24 91
21 151
45 111
81 147
62 34
13 28
74 62
73 36
95 94
8 175
100 117
3 99
13 152
21 192
55 49
77 127
86 5
20 7
64 120
100 158
63 88
51 13
38 151
88 167
56 189
35 44
86 21
59 145
6 30
49 162
91 158
98 90
19 178
5 2
14 33
70 72
26 41
6 114
40 41
16 116
8 114
75 135
91 192
53 58
52 165
100 180
73 71
31 123
68 33
23 47
46 168
58 139
29 111
16 69
60 189
44 67
23 36
18 168
90 46
58 47
11 163
43 40
54 94
57 121
4 177
11 167
81 174
42 61
18 96
74 19
87 49
6 27
74 37
42 168
24 102
14 80
40 82
98 140
29 130
88 69
95 36
89 57
25 35
60 70
61 78
28 54
88 6
28 60
56 116
76 134
23 74
1 148
90 96
37 184
38 51
72 78
69 49
29 22
89 200
61 87
56 55
77 198
79 149
47 55
97 153
40 76
54 113
99 100
5 159
19 21
1 89
96 149
83 136
59 37
69 83
61 119
29 141
75 18
17 60
67 92
49 44
1 39
34 195
91 175
94 142
25 3
15 180
50 105
88 169
27 55
66 30
12 72
67 63
92 155
37 125
96 106
97 101
17 145
22 136
98 70
56 133
87 25
55 156
24 195
33 100
64 36
31 120
2 167
55 165
21 57
19 191
42 26
48 84
98 26
22 81
12 72
23 163
57 55
74 17
47 59
89 65
23 43
88 96
90 22
36 174
42 178
92 41
20 35
11 137
41 82
50 4
25 126
19 122
39 71
3 28
87 192
92 48
12 52
45 104
38 77
14 132
86 17
23 21
47 142
49 84
94 192
67 50
1 200
65 73
61 118
18 51
75 83
74 114
23 176
51 119
44 196
90 198
39 108
28 146
75 179
26 133
92 4
12 27
39 21
72 32
98 159
39 15
85 107
60 13
67 103
34 13
40 65
58 12
39 164
68 192
28 169
62 109
93 79
1 176
8 70
53 200
83 152
67 49
23 1
5 42
46 161
32 162
36 199
44 95
75 200
13 39
66 192
78 114
71 49
99 103
17 122
75 119
68 73
45 79
34 156
21 82
74 20
31 38
3 164
96 85
27 9
82 127
16 186
85 38
87 185
9 114
3 42
38 54
57 131
61 131
34 189
21 59
60 123
58 145
84 120
29 103
27 158
32 168
11 12
55 183
25 168
83 79
17 117
2 149
6 182
16 163
2 108
8 55
60 20
90 187
60 85
83 85
54 152
5 66
88 89
93 103
17 53
18 136
6 60
56 165
58 17
21 33
64 40
14 92
85 135
41 68
83 200
26 48
18 38
16 197
16 126
94 164
86 1
89 52
21 7
15 44
14 37
100 196
74 9
68 84
69 134
77 188
5 196
23 94
5 137
29 33
6 158
50 152
74 179
12 195
83 117
91 179
54 17
85 107
57 161
25 86
94 22
74 116
49 94
65 105
60 113
85 79
69 7
81 130
39 132
88 132
84 110
89 43
82 6
57 88
45 29
69 106
97 146
82 82
77 177
72 79
79 165
99 69
52 121
68 82
30 108
23 97
20 59
12 59
22 60
8 90
38 144
12 31
2 191
36 87
15 11
93 98
77 38
3 141
72 173
87 104
47 66
72 153
55 196
52 98
50 74
36 1
3 152
27 103
21 120
41 196
96 92
71 25
60 179
38 29
85 59
76 108
9 134
32 164
20 144
2 50
61 152
59 69
14 197
50 73
49 67
18 136
92 5
42 3
14 117
23 135
15 98
65 190
26 122
81 58
56 184
81 114
4 7
100 46
45 176
7 13
4 72
36 170
38 126
6 194
16 179
22 89
53 67
17 126
88 171
38 100
35 20
65 146
83 23
95 181
77 113
60 140
20 88
3 60
12 118
24 109
94 6
12 157
33 101
52 44
8 36
3 48
33 11
66 178
18 159
93 152
90 87
60 20
22 171
5 165
24 6
52 140
31 78
44 138
53 25
55 152
54 11
89 127
66 109
85 194
52 80
53 8
35 66
87 38
86 16
80 44
91 37
72 127
29 146
18 192
82 55
37 106
78 96
15 97
81 59
53 26
79 129
80 61
2 116
18 58
71 96
35 155
29 116
30 126
42 139
79 183
28 30
3 83
83 68
50 183
31 93
63 122
81 51
88 56
13 50
88 97
31 122
95 89
26 171
65 145
11 56
78 103
98 78
87 33
30 7
4 7
8 34
33 146
27 102
39 135
65 47
29 81
96 47
27 102
73 121
45 104
64 42
51 80
74 25
19 166
32 168
35 123
68 163
50 10
69 145
5 44
54 105
2 92
59 199
43 114
31 174
67 108
49 144
6 106
2 44
91 64
50 152
11 121
43 119
19 42
14 180
68 54
79 48
94 56
92 9
67 45
96 67
54 107
65 19
36 37
71 42
85 65
39 126
10 19
29 31
82 19
92 121
90 140
14 189
89 151
22 85
68 184
4 88
27 70
2 162
72 65
33 40
51 119
70 35
26 104
61 19
2 67
49 181
78 176
29 136
96 167
35 76
25 113
91 20
96 182
30 182
94 78
48 25
29 28
98 166
58 192
12 58
43 196
50 155
17 33
69 80
22 50
93 6
31 17
29 136
7 9
46 87
91 165
43 3
21 175
36 144
55 35
90 117
26 60
51 73
2 15
14 110
67 119
21 2
52 113
93 196
28 65
94 196
66 44
84 38
61 88
48 137
76 80
39 19
2 101
24 7
73 90
12 1
60 182
23 169
74 47
32 23
89 149
73 70
32 68
5 187
40 183
50 184
57 177
74 148
15 173
60 6
83 162
83 154
24 95
95 51
53 37
94 25
52 4
5 108
79 158
75 162
79 124
14 166
78 5
45 10
42 14
40 54
94 31
82 161
43 26
48 198
27 193
99 139
36 96
28 151
77 193
37 98
93 119
27 138
36 45
74 35
49 111
97 182
85 65
2 69
65 95
51 37
78 61
67 189
26 200
67 14
73 92
33 156
26 32
34 29
98 39
82 175
67 64
48 54
5 160
39 150
63 6
89 134
34 119
25 158
97 76
2 186
28 169
45 56
50 39
31 110
17 100
65 143
53 193
100 152
20 148
57 37
40 7
36 162
65 145
66 119
21 68
97 163
9 71
55 36
98 196
34 158
84 36
19 107
93 130
12 185
41 61
23 114
61 66
48 136
21 146
58 135
66 32
71 80
100 77
17 131
65 79
79 188
39 24
75 26
70 91
27 116
52 60
79 92
48 200
7 41
65 98
33 63
61 8
61 50
62 101
51 163
7 145
21 162
66 102
38 116
57 140
10 7
90 71
95 108
59 135
11 108
34 73
31 79
61 52
27 56
30 86
87 13
9 32
70 109
26 143
48 19
92 125
13 162
62 192
52 185
74 88
13 106
15 79
23 86
51 36
45 91
88 8
19 16
82 61
52 103
26 156
13 164
42 174
40 126
24 45
62 108
35 188
49 10
100 84
23 44
78 80
47 18
32 75
81 36
34 169
52 192
18 76
45 74
32 200
15 155
77 56
9 117
80 178
47 173
65 128
77 170
14 121
17 14
99 64
71 59
34 75
1 127
31 6
59 195
84 193
81 72
32 16
80 75
45 17
15 51
63 147
34 104
95 141
90 22
40 45
98 59
45 178
57 173
71 148
41 95
81 66
3 14
45 180
100 103
20 51
20 75
21 141
82 13
54 142
59 99
20 59
69 4
59 32
58 130
61 5
13 135
67 44
66 20
85 38
93 80
63 103
12 118
83 79
76 50
46 74
100 141
41 42
62 183
29 68
1 141
26 9
32 99
15 165
35 139
62 109
91 143
89 44
61 27
34 159
45 63
27 35
41 147
57 67
59 179
70 134
98 54
80 191
26 162
60 87
5 194
3 81
94 51
47 100
92 155
5 47
50 186
78 71
33 62
32 100
9 98
22 125
17 62
74 185
26 157
62 49
15 50
73 138
2 189
8 142
80 61
72 173
57 150
74 80
46 101
72 79
36 33
25 123
78 29
73 54
34 171
45 170
96 75
90 64
54 196
72 90
91 50
24 35
34 137
19 141
2 57
31 34
28 106
44 23
20 194
20 127
52 85
30 20
97 180
77 75
95 105
71 80
7 162
24 127
55 124
81 14
42 161
41 167
81 93
6 170
37 134
3 98
21 170
29 86
54 118
3 155
1 140
62 64
97 180
16 11
94 142
85 74
98 150
40 141
22 130
68 154
75 136
54 128
53 155
48 168
55 48
50 184
88 12
64 11
85 192
89 46
65 16
22 83
82 72
86 155
20 8
9 184
66 129
18 177
91 56
25 82
7 35
12 43
76 58
26 167
79 200
10 160
46 57
41 80
29 46
74 171
11 7
77 52
32 113
50 70
21 184
23 28
8 54
25 10
16 173
86 101
43 137
55 40
90 106
21 89
96 33
85 52
35 136
76 31
8 127
50 197
29 172
71 54
36 18
71 62
69 142
86 157
24 86
17 112
84 122
66 183
23 32
70 190
68 91
43 143
89 123
31 15
36 75
51 56
96 151
80 112
27 140
54 136
59 29
58 167
22 194
80 48
38 188
29 113
21 159
5 125
84 23
48 13
2 110
49 146
72 44
88 167
90 168
85 180
68 94
29 189
94 162
24 189
21 148
6 45
43 53
86 98
61 56
37 110
91 180
73 21
7 137
77 2
90 113
98 51
27 82
83 3
65 161
57 126
8 137
26 178
22 108
7 165
4 161
43 161
98 182
30 55
27 40
45 91
30 193
80 28
64 33
58 191
3 48
63 92
18 50
88 137
78 149
11 141
48 47
25 152
61 36
84 9
14 166
32 41
52 77
4 166
26 130
33 106
44 38
91 5
24 192
5 40
71 159
42 196
55 69
51 66
50 117
63 92
33 46
52 155
98 127
12 43
14 94
32 100
27 4
48 99
54 75
31 144
92 147
37 145
67 17
2 87
42 25
92 126
4 174
71 107
81 63
36 114
17 20
60 22
98 41
70 20
88 18
4 170
43 177
58 51
13 59
36 30
45 121
86 153
35 190
28 96
16 60
6 187
40 149
96 118
99 102
58 34
57 14
36 68
22 104
100 196
13 36
92 177
42 53
57 92
49 7
44 194
93 55
44 182
78 88
32 6
15 99
35 20
15 94
85 192
2 40
16 43
2 28
47 143
51 60
13 182
63 49
46 33
30 104
69 3
10 190
9 28
98 167
89 105
68 3
53 124
23 123
88 104
38 90
99 105
90 71
23 177
6 139
10 13
88 54
94 170
3 46
6 34
3 163
73 3
9 52
88 114
28 78
95 171
63 119
83 109
52 142
51 12
31 13
24 134
95 113
25 83
78 58
83 166
56 70
26 105
82 66
48 8
31 92
6 189
74 83
15 132
97 48
51 103
45 49
85 61
51 10
100 62
39 63
13 34
51 129
56 187
19 173
39 24
82 139
55 116
19 60
24 150
52 93
45 18
71 28
36 88
56 65
51 139
46 143
79 181
53 3
95 41
39 108
40 73
34 83
4 57
1 101
81 172
87 102
48 5
88 9
97 112
13 157
33 131
78 186
41 15
98 45
40 139
79 184
48 99
11 181
77 172
10 164
3 4
36 27
69 96
93 54
1 62
99 119
2 132
1 87
39 8
22 70
46 137
99 184
30 14
4 49
56 166
20 82
52 119
72 171
42 171
6 35
59 96
26 111
38 191
33 183
26 168
100 111
66 139
75 69
38 194
43 22
55 125
60 126
34 126
39 167
69 159
31 97
59 176
38 116
86 69
79 82
61 31
10 96
10 2
39 134
32 47
94 61
14 187
46 176
69 192
81 39
10 106
24 128
2 124
55 6
17 12
99 135
21 101
98 40
21 124
7 188
53 149
58 21
67 102
78 122
83 20
45 161
52 69
96 87
99 166
28 46
95 46
100 198
21 82
81 120
100 26
50 78
16 172
75 175
80 8
11 58
54 148
21 40
79 161
44 175
38 157
51 92
85 114
52 41
93 142
46 31
45 141
93 125
18 189
85 58
77 120
87 16
65 175
59 34
99 172
85 31
56 153
46 87
38 71
69 197
45 82
83 198
47 51
44 57
97 70
67 127
44 38
32 77
81 37
20 96
89 176
88 40
64 73
46 136
74 95
88 148
30 100
18 132
26 190
67 9
75 152
2 30
95 41
27 153
45 30
31 65
48 163
12 57
86 71
14 30
69 73
69 150
79 62
48 138
30 37
77 158
12 140
75 6
73 163
72 171
41 153
90 174
36 71
64 11
58 98
56 154
100 77
20 195
100 166
37 8
36 55
12 87
82 64
40 15
51 115
22 27
37 73
63 78
45 187
39 6
93 74
10 83
66 27
72 50
82 174
57 29
16 22
94 21
7 30
53 115
24 25
15 27
74 147
56 26
96 182
90 121
50 80
17 114
32 27
75 91
24 116
44 73
100 1
32 23
51 133
76 111
88 37
13 16
7 40
75 153
65 74
49 173
34 98
57 71
53 61
63 135
34 186
41 110
50 200
54 166
20 4
71 142
31 112
93 149
69 112
97 156
62 30
40 121
55 177
78 33
49 129
29 6
69 143
25 25
53 179
76 130
36 45
7 30
70 24
23 184
70 155
1 51
89 2
70 166
44 29
64 137
68 184
81 199
27 147
81 5
30 178
65 34
98 15
52 191
16 30
55 89
33 162
5 149
9 86
69 147
34 167
70 110
19 88
46 187
55 189
22 48
56 21
78 39
83 10
46 34
9 170
60 73
91 155
27 114
50 66
83 145
79 69
89 105
73 90
42 81
6 159
7 186
3 180
55 80
78 158
65 119
82 69
31 184
90 160
24 140
33 71
81 16
2 113
14 97
58 119
3 34
18 80
59 36
75 111
56 198
83 51
20 69
98 93
49 13
85 95
88 104
5 147
51 87
75 73
74 151
39 189
18 6
66 72
37 78
1 182
65 8
74 49
97 61
49 100
7 121
12 186
15 81
43 87
32 94
19 159
72 59
67 126
27 164
11 192
38 7
4 114
46 135
44 8
78 198
52 88
60 115
83 47
68 165
17 171
54 151
56 41
11 68
58 40
61 180
51 22
98 152
36 41
22 42
56 120
52 73
54 179
47 4
23 136
20 108
30 56
95 103
65 97
30 114
25 125
66 39
68 115
53 192
46 181
30 66
59 105
46 133
31 172
55 107
36 100
40 23
75 52
56 145
27 62
6 95
39 156
8 29
54 23
74 200
41 132
34 119
39 20
86 123
52 114
65 17
64 91
2 142
73 49
57 74
72 8
87 128
68 21
44 13
12 195
7 71
25 144
78 120
3 183
70 139
80 39
5 102
5 125
18 56
9 85
70 165
7 71
21 192
72 128
46 160
54 45
30 126
95 79
61 62
92 148
35 36
43 26
95 33
58 114
2 182
31 18
22 128
85 19
59 53
76 196
42 181
8 23
24 109
78 19
5 112
100 97
49 127
61 171
35 27
8 42
72 191
9 183
26 51
69 52
26 167
31 99
11 29
11 71
45 155
62 59
80 143
29 184
20 147
51 154
84 171
78 85
50 148
13 68
15 96
99 106
15 119
18 21
86 96
78 39
44 88
64 175
79 138
62 23
91 193
88 135
19 162
8 123
90 140
6 72
6 164
31 77
52 181
76 32
56 13
69 70
83 126
91 126
82 50
20 96
12 112
45 122
100 167
14 100
20 144
13 85
38 66
30 165
69 80
41 13
23 21
88 139
56 74
51 58
53 79
45 50
29 49
21 76
79 99
89 24
70 128
21 2
38 47
3 99
68 72
45 100
15 167
88 56
28 63
76 26
43 24
49 165
31 67
12 35
92 141
72 72
75 187
42 7
49 102
38 141
55 167
13 173
46 140
28 196
67 147
31 70
25 198
26 185
6 159
38 24
58 86
47 50
34 2
52 133
36 61
68 52
4 34
32 65
46 99
49 199
76 38
35 15
91 152
14 21
82 69
88 116
23 198
11 32
56 180
24 90
83 92
4 161
57 132
82 22
1 117
66 105
65 105
9 195
17 143
64 83
86 68
37 197
13 84
67 56
49 186
53 175
30 44
34 58
30 43
8 38
49 1
43 50
8 108
63 99
67 138
1 83
51 53
93 37
77 89
35 92
24 75
4 100
33 37
91 169
41 7
49 159
14 136
20 106
22 30
39 95
93 10
99 123
81 7
93 122
82 36
44 178
67 192
59 26
35 62
54 85
9 89
1 11
42 146
82 41
23 111
41 104
98 6
76 12
12 107
100 54
86 86
69 116
92 41
40 95
33 120
11 93
57 177
61 105
31 62
92 192
31 153
63 124
71 47
60 190
20 120
70 16
59 7
94 41
56 181
55 164
12 186
99 51
46 182
84 128
99 125
27 125
70 74
99 173
24 29
90 194
16 103
92 7
31 141
52 17
51 164
10 10
41 109
29 78
72 41
86 58
48 46
37 73
63 122
69 81
21 151
86 94
82 72
80 141
16 139
49 180
37 63
7 120
43 144
25 62
35 113
80 150
3 178
88 101
43 66
19 162
41 126
76 91
68 130
9 17
46 191
76 26
46 46
42 165
61 156
55 19
2 15
73 140
7 184
56 7
74 169
27 47
58 169
37 90
63 174
84 147
43 162
26 51
45 1
69 35
58 81
36 69
15 91
65 84
26 65
27 121
60 81
65 47
90 105
52 121
23 123
71 59
45 155
45 87
3 6
42 33
15 30
55 92
80 36
20 118
6 61
67 137
5 175
95 156
50 197
21 186
75 154
61 97
82 19
20 126
96 168
40 143
36 188
53 40
46 106
63 194
52 91
88 17
16 53
15 85
98 86
84 148
16 170
47 53
96 105
83 64
100 13
40 133
9 146
41 194
24 150
45 144
20 75
8 88
42 139
12 26
50 52
30 39
47 28
7 72
55 174
47 93
95 93
9 19
41 73
47 32
68 104
82 120
86 15
97 142
95 144
71 19
73 78
91 154
38 143
23 8
45 194
99 38
96 185
43 1
30 8
7 67
33 127
47 187
46 76
98 171
27 141
66 120
56 93
9 55
26 156
67 102
73 172
40 57
25 121
38 127
54 64
6 44
42 172
79 159
47 109
100 62
94 26
76 137
7 32
38 37
22 131
6 43
94 156
48 40
36 92
47 125
50 33
3 73
24 182
43 198
26 64
6 41
83 182
98 190
54 104
13 60
40 19
68 69
21 139
13 73
90 179
17 11
38 106
2 164
75 22
29 118
39 133
92 196
60 185
30 184
45 156
11 148
94 69
45 134
22 81
3 46
46 54
93 177
57 187
56 123
62 84
63 145
58 85
82 45
83 173
95 37
80 181
86 125
69 80
90 4
45 21
64 45
74 11
45 168
5 54
24 160
23 79
25 157
47 128
81 109
57 199
45 182
78 138
8 16
21 13
81 33
29 104
22 56
4 5
7 142
92 24
46 146
32 80
25 148
85 141
32 172
49 114
29 140
48 36
21 75
74 83
29 188
32 82
76 62
45 10
75 77
87 188
6 153
98 150
37 189
41 148
96 186
1 155
54 141
50 51
16 191
91 67
99 116
32 146
43 15
37 163
35 59
42 143
69 84
33 106
28 39
36 47
7 200
87 53
56 35
96 102
93 117
1 93
61 51
58 64
14 163
24 55
73 66
97 132
7 45
89 27
27 172
7 172
15 196
57 94
68 85
85 150
32 139
8 152
70 72
94 109
25 154
22 199
69 48
79 65
6 35
17 178
89 107
53 67
44 88
89 54
17 138
39 26
58 75
48 189
83 75
11 129
24 68
46 170
93 79
65 30
96 22
39 118
66 116
17 53
32 154
3 70
87 188
28 139
42 107
61 139
15 172
67 147
40 17
17 65
51 46
24 189
52 6
81 96
38 151
34 153
61 76
57 166
31 114
45 136
28 21
59 131
74 123
68 124
8 81
27 3
2 149
5 75
62 188
72 184
14 148
89 200
90 29
73 93
91 76
2 74
45 96
53 148
68 72
47 163
45 4
36 129
7 140
15 98
55 62
44 45
61 92
22 170
60 124
17 188
74 114
99 49
27 179
28 167
62 43
84 41
77 26
40 179
85 51
13 42
42 93
64 32
12 13
25 6
86 171
83 50
77 188
19 28
25 184
4 20
51 13
50 78
46 92
70 144
16 66
42 131
76 146
38 56
89 128
45 133
28 177
40 200
98 138
35 92
64 158
5 194
60 68
67 129
100 8
100 40
76 49
35 60
91 43
72 54
82 70
80 110
95 14
27 150
92 84
3 24
50 141
87 105
35 50
77 26
2 80
32 45
70 80
44 101
29 49
79 49
39 181
48 74
1 90
50 67
11 34
71 81
66 45
49 90
26 77
41 179
24 146
43 85
61 87
37 135
14 157
71 58
2 126
90 169
45 109
55 79
100 172
99 30
5 46
20 77
73 86
75 97
50 80
12 184
78 151
74 146
44 22
67 120
9 18
94 178
64 175
87 3
2 3
75 112
5 184
73 185
10 166
47 71
12 80
89 55
7 30
98 61
97 35
21 69
28 80
40 125
80 24
30 47
50 109
98 6
21 131
77 23
35 116
45 27
15 20
24 65
34 133
38 49
32 54
87 190
17 23
59 75
88 57
72 42
42 60
29 33
10 96
7 191
71 119
8 133
15 99
38 143
67 21
15 117
82 134
62 197
34 105
68 68
28 8
36 109
4 38
76 121
50 13
10 48
7 9
65 134
38 117
59 105
80 132
26 146
58 27
6 58
95 133
71 15
89 110
80 96
56 173
3 141
56 155
97 138
90 33
64 77
62 106
79 94
75 156
66 159
20 53
19 132
78 163
60 5
34 164
2 106
76 47
25 166
92 123
89 70
28 55
5 156
74 66
62 175
12 100
42 53
1 132
4 172
57 99
43 198
39 96
99 131
78 158
48 115
99 19
38 172
94 187
7 32
39 157
43 3
49 147
17 132
83 80
67 186
35 29
51 129
25 140
43 92
65 49
90 45
64 109
36 163
50 125
12 12
63 11
59 59
4 139
40 139
25 81
50 69
73 89
2 38
23 22
69 29
2 48
64 19
83 128
42 156
27 13
78 141
73 156
18 79
24 91
47 27
60 151
66 13
61 63
30 78
45 72
23 109
84 130
62 46
1 171
22 14
78 11
18 174
30 152
96 126
50 139
94 155
6 170
27 163
21 55
60 137
44 49
47 21
99 57
68 70
100 104
6 34
53 159
32 69
48 159
73 184
85 99
20 156
22 18
88 191
33 177
32 78
55 177
90 12
64 68
17 10
51 190
67 96
63 18
72 26
14 2
64 62
93 3
23 69
44 176
35 56
72 198
77 174
54 16
4 187
89 155
62 195
27 189
9 71
16 90
77 190
96 103
90 160
66 67
49 143
89 18
26 143
42 164
77 136
97 190
9 42
84 55
47 24
50 165
75 159
45 200
40 41
39 88
76 69
25 19
35 66
84 26
90 164
39 4
66 117
21 19
64 128
81 190
64 74
87 174
79 145
45 53
6 2
98 11
75 70
53 139
65 133
1 70
23 182
92 167
33 76
69 159
94 21
11 129
29 160
15 144
35 77
8 199
4 170
77 26
22 66
59 156
82 80
57 64
25 53
56 43
54 14
66 130
100 122
62 160
42 139
57 131
28 154
87 144
89 16
53 19
12 122
13 12
48 84
11 79
35 194
11 178
88 139
47 20
11 23
22 84
90 74
13 159
82 137
25 103
64 117
85 144
16 190
17 68
73 129
39 186
58 109
38 131
53 66
92 45
34 171
72 51
46 70
27 117
21 42
34 11
52 160
9 152
3 13
99 165
26 7
58 27
38 125
39 109
47 116
25 190
8 71
51 95
70 39
92 59
72 44
15 118
66 2
37 91
49 191
13 93
27 180
30 137
87 163
85 170
91 120
83 5
40 186
31 94
10 132
75 106
69 39
67 87
70 179
30 145
66 118
77 126
16 59
30 20
57 166
1 153
25 47
13 3
79 37
77 50
97 142
56 11
10 84
82 166
12 130
24 162
33 39
39 151
84 154
75 76
32 167
13 146
45 176
75 1
73 168
48 74
85 36
92 156
100 91
80 19
32 168
33 54
36 165
1 7
12 185
63 9
99 157
4 21
30 124
74 77
42 146
32 61
80 23
54 127
46 163
78 54
49 84
51 69
29 53
69 80
65 82
69 83
55 153
55 194
46 51
89 177
42 164
9 189
39 182
54 106
94 61
19 135
44 7
81 151
33 130
38 105
29 178
14 98
92 59
73 137
11 188
16 180
28 69
60 17
10 2
53 175
22 168
8 38
77 104
75 76
12 170
33 66
8 83
60 150
42 106
94 66
2 176
60 125
65 38
57 121
57 115
86 13
48 61
11 19
32 120
58 156
26 109
73 163
96 13
53 72
40 47
82 14
6 62
36 126
17 198
30 93
99 88
69 36
90 4
59 23
45 174
69 32
10 173
6 180
3 192
45 158
60 25
62 163
41 166
40 22
52 38
9 173
73 66
62 52
72 188
5 136
3 123
61 110
65 111
40 13
94 51
2 2
72 177
21 10
37 186
76 53
74 37
85 81
3 200
38 141
20 125
67 31
84 167
92 64
99 165
80 142
53 94
34 98
57 94
75 36
12 56
65 91
59 164
74 57
37 83
44 79
65 121
92 197
14 9
4 132
88 199
25 32
20 34
65 40
27 193
33 103
4 120
66 176
14 179
57 22
35 178
9 74
2 101
20 136
10 66
48 52
8 101
67 57
83 23
93 50
2 114
34 189
5 27
88 76
56 97
41 110
85 94
72 166
68 188
20 2
71 57
21 95
11 182
95 114
53 188
64 154
65 120
42 52
93 137
82 63
1 127
95 74
86 110
17 131
3 155
87 194
55 111
62 28
80 178
92 12
28 130
34 175
41 67
86 38
66 145
44 170
69 100
49 147
99 115
4 73
14 37
49 31
100 195
59 53
4 186
3 141
58 56
69 32
27 133
89 2
10 60
50 131
15 73
61 111
32 37
10 97
47 24
22 43
68 54
41 169
75 54
66 143
11 183
51 183
12 187
99 120
59 193
21 147
69 189
19 200
81 43
18 105
16 196
91 181
41 136
83 144
53 189
15 40
13 198
3 11
35 24
96 80
6 65
84 83
57 121
37 93
97 78
24 35
70 194
63 141
15 64
73 42
69 160
13 138
39 166
94 36
31 26
21 186
26 35
51 1
12 197
57 53
50 157
5 53
33 146
11 35
16 39
75 191
93 54
85 124
84 191
3 42
35 1
41 126
17 8
43 199
37 32
18 26
94 73
44 161
61 171
30 191
46 196
66 23
91 184
14 101
65 16
90 45
60 182
53 4
29 24
91 140
6 3
53 139
6 89
73 157
14 14
84 89
67 184
33 98
8 21
80 87
50 194
23 61
50 57
48 4
31 98
39 183
58 141
21 136
14 110
1 107
55 42
25 185
25 186
77 176
84 94
24 185
95 148
19 171
21 105
78 126
79 54
7 90
40 71
46 41
66 152
15 74
85 48
6 23
85 131
40 186
34 155
17 11
7 15
69 189
89 198
55 154
17 157
64 52
65 40
8 62
65 30
79 122
40 80
70 28
34 155
12 150
8 11
23 29
16 98
45 92
77 98
92 88
73 111
54 61
85 153
56 191
64 8
5 178
28 177
58 70
10 129
93 93
24 63
66 87
36 14
28 161
42 186
24 73
94 28
31 173
55 169
61 132
7 120
46 4
89 3
68 174
39 69
61 40
39 102
35 17
36 51
13 2
80 41
15 107
85 26
65 44
65 9
92 173
54 107
69 159
70 80
98 77
66 168
74 109
45 41
45 132
68 104
72 129
19 61
26 136
66 68
67 162
77 17
44 18
85 52
87 36
20 85
72 65
23 186
100 158
6 119
4 190
7 173
54 180
63 102
44 86
13 184
62 47
88 192
41 20
100 145
19 57
91 53
8 108
94 162
49 106
85 65
21 104
15 139
22 197
11 13
53 103
54 150
16 187
30 191
35 113
54 82
33 15
39 77
52 156
50 41
47 136
52 198
91 99
70 18
80 19
41 66
30 10
68 48
79 198
7 197
75 115
88 168
9 30
88 176
15 43
17 175
98 2
77 95
79 117
41 33
49 118
27 188
46 150
25 99
7 1
27 147
68 24
94 115
4 190
34 20
30 152
37 187
80 87
37 92
39 16
12 185
88 198
82 132
37 13
11 34
3 74
97 72
18 90
52 74
85 184
72 9
64 115
75 13
87 71
8 44
21 66
59 178
41 194
89 41
64 38
66 122
15 34
66 125
22 175
29 6
64 194
39 33
9 44
83 94
22 106
37 136
72 93
73 59
24 76
2 84
17 81
52 110
35 130
14 50
7 129
11 110
70 142
71 169
18 3
60 110
98 168
78 39
33 32
99 116
2 179
75 117
47 78
48 12
68 40
61 182
61 111
68 195
34 42
44 187
41 104
68 116
77 73
49 82
3 3
6 142
50 168
1 155
67 149
21 188
96 110
30 145
32 65
29 140
72 80
33 183
89 139
13 41
30 197
7 89
14 141
44 73
89 9
76 38
87 62
56 39
46 19
79 157
33 118
6 170
45 167
20 5
31 20
60 188
70 52
80 67
91 64
17 84
13 31
64 95
6 1
61 5
87 175
2 55
99 80
95 45
20 119
19 163
37 3
57 102
95 47
63 88
84 107
87 160
37 34
33 14
56 135
28 165
73 121
64 106
35 142
15 36
81 15
87 156
66 32
7 199
76 124
58 9
44 182
96 189
78 179
22 106
30 142
68 8
95 99
69 196
32 8
39 87
20 1
76 6
74 28
32 38
61 156
99 14
44 57
9 2
2 160
4 4
47 87
83 61
62 148
85 69
14 39
91 16
42 20
81 162
82 29
74 51
15 184
27 110
22 45
46 71
88 139
59 35
24 187
55 29
57 140
87 30
65 1
15 180
98 16
32 159
65 93
62 144
9 78
50 194
45 72
43 109
56 106
99 16
35 32
57 120
8 115
53 71
34 15
43 14
81 29
59 93
99 18
44 130
95 144
48 121
37 19
24 100
7 87
8 19
86 104
13 117
55 9
29 175
92 153
23 124
98 3
99 150
53 62
56 132
38 53
100 172
23 47
32 107
51 40
41 75
45 161
3 180
19 159
100 183
75 32
62 54
97 43
24 104
90 55
50 107
41 4
96 115
82 162
33 195
15 87
20 73
34 181
22 6
95 131
85 94
16 18
81 61
42 155
42 91
34 183
69 162
60 167
54 77
94 125
9 139
96 83
39 124
47 187
91 67
60 62
42 29
38 129
24 73
6 108
96 200
38 45
6 103
91 141
67 74
32 177
96 188
8 148
27 197
99 19
10 10
96 49
61 35
93 195
55 25
8 143
4 47
85 121
9 146
43 126
95 116
95 173
52 197
42 170
51 19
71 132
7 156
37 58
7 81
66 98
57 62
76 58
80 135
83 43
78 85
3 186
37 168
47 16
20 31
99 133
13 175
66 200
90 97
59 154
80 63
64 101
32 63
87 159
81 128
36 91
100 149
36 153
59 153
77 164
59 194
62 21
19 104
20 110
22 135
48 66
80 164
91 147
2 189
24 108
30 180
77 57
49 108
17 19
99 116
72 152
22 61
19 18
79 7
97 30
21 81
70 89
47 160
48 166
44 71
87 75
21 32
65 21
83 178
2 16
98 196
8 132
77 185
42 172
35 4
22 81
21 149
69 118
56 116
62 133
86 46
85 123
16 55
57 175
83 111
55 136
32 87
98 104
12 93
12 131
71 110
78 93
47 196
99 147
21 24
53 8
76 130
37 115
16 39
36 127
81 65
89 140
80 173
72 20
2 50
88 176
73 94
50 19
75 85
94 167
52 196
73 199
17 106
75 117
25 32
78 69
97 43
59 18
60 200
1 144
9 95
42 185
27 51
8 123
32 89
65 170
37 102
67 194
62 102
76 88
83 75
91 42
2 19
97 195
58 197
6 156
15 45
23 135
59 166
94 86
36 119
69 12
30 73
74 1
55 88
94 156
98 32
8 164
89 10
84 128
63 190
77 56
53 187
90 139
95 46
4 138
53 128
5 117
22 27
63 140
88 37
96 49
81 190
60 77
3 71
75 103
67 59
93 188
79 83
15 3
99 60
96 193
40 75
53 5
40 141
28 116
9 32
59 23
18 126
35 163
10 131
70 10
66 44
66 80
64 2
83 105
73 64
28 41
5 193
69 196
81 46
96 47
54 31
41 38
91 143
22 96
58 29
86 136
59 72
1 77
74 154
21 84
20 105
16 164
7 26
90 178
45 102
84 166
74 194
73 150
25 2
64 58
21 110
10 96
48 95
97 169
83 91
69 11
47 119
34 184
64 53
95 167
36 191
6 162
10 162
67 48
75 150
5 83
57 125
78 180
3 194
82 134
96 4
44 160
31 171
24 111
42 131
8 84
93 151
37 129
22 79
16 18
71 196
13 186
75 67
7 67
33 33
45 194
97 190
77 34
16 181
53 168
94 155
34 7
26 110
81 85
58 64
87 181
11 172
53 167
7 168
52 109
49 3
5 23
94 57
40 137
54 188
82 27
96 30
52 121
49 157
35 61
81 142
92 26
28 133
53 138
37 171
85 18
1 89
38 107
78 84
53 37
64 97
34 144
40 99
23 107
43 67
93 168
81 48
56 199
62 55
31 163
1 188
54 10
3 194
53 88
62 23
13 134
99 164
61 23
5 147
49 44
28 177
10 136
28 23
82 22
85 12
5 186
54 109
20 29
77 151
85 149
47 3
27 28
56 36
44 16
61 134
48 75
91 79
99 76
15 146
18 142
9 129
50 167
9 195
18 155
81 111
30 26
51 128
84 119
93 121
21 91
58 91
43 82
26 20
6 180
54 42
89 38
45 25
38 18
94 185
33 196
39 187
45 103
10 37
47 72
42 149
30 200
37 58
43 40
27 9
70 24
77 39
98 96
78 74
70 195
25 21
23 65
17 147
84 148
86 83
92 181
41 37
35 175
21 85
63 156
59 141
92 200
3 40
61 59
60 140
73 74
38 119
30 168
82 150
30 9
89 186
7 143
24 99
95 33
28 89
63 40
90 105
31 148
1 21
71 71
83 16
4 144
20 72
70 146
33 181
20 150
84 112
57 87
69 135
62 36
84 169
52 99
92 13
11 188
99 104
66 12
71 182
13 11
17 80
69 72
47 143
96 19
55 32
21 171
18 73
52 97
79 59
76 5
4 32
84 128
5 142
29 58
19 5
14 28
55 14
5 184
96 37
21 144
74 160
51 157
20 160
42 49
83 167
70 62
71 90
95 152
19 106
21 49
28 118
47 100
15 123
26 156
96 150
23 37
65 113
84 67
22 4
3 99
52 14
35 174
41 173
19 165
25 66
16 129
66 136
46 146
1 158
94 155
58 195
23 59
3 18
63 127
82 134
67 174
68 56
61 78
30 150
92 117
90 102
61 2
73 36
9 165
64 48
19 116
71 107
4 152
22 44
76 192
22 174
63 20
26 124
43 108
90 56
11 42
75 71
88 140
21 153
28 143
81 64
53 41
88 47
42 174
36 30
27 150
67 67
77 124
45 90
21 65
81 112
99 90
20 165
2 184
89 176
21 79
13 79
26 65
35 167
46 99
81 161
61 56
49 118
64 61
94 36
16 182
26 65
12 159
25 55
22 68
27 121
70 53
38 45
12 52
4 106
15 185
83 156
70 96
32 118
65 89
65 80
27 57
22 185
63 63
69 150
12 130
85 59
86 128
92 17
34 34
29 65
45 167
49 80
52 21
19 52
22 111
1 182
94 156
69 32
63 132
58 33
45 168
48 118
38 186
29 28
21 75
76 99
93 68
10 5
25 183
52 95
2 15
32 47
6 5
3 23
16 45
14 161
40 152
44 20
25 154
19 149
51 135
82 153
78 26
47 106
12 166
69 144
38 137
8 146
94 70
28 70
87 194
10 133
29 80
96 74
7 145
60 93
11 46
56 35
44 56
96 104
49 51
51 23
17 61
66 33
70 77
19 36
3 90
78 22
21 50
38 83
72 181
94 179
34 32
71 136
67 62
13 54
85 84
46 43
27 156
62 161
87 52
89 178
88 127
98 172
3 61
68 69
73 39
22 168
30 22
10 8
52 92
5 93
47 114
5 77
80 4
4 28
12 122
86 143
90 112
73 70
71 41
23 16
85 111
95 59
22 6
55 28
94 146
2 60
4 86
50 84
21 70
56 74
89 111
94 4
22 133
56 76
6 86
75 197
48 70
55 197
10 41
92 196
86 72
18 68
38 78
39 49
85 2
65 42
42 75
69 121
23 199
23 128
59 156
67 76
99 170
92 94
39 184
79 135
83 166
54 140
79 67
65 115
4 65
100 85
72 38
66 13
62 60
34 63
98 43
13 140
29 116
51 109
100 57
5 126
65 108
98 6
31 30
60 115
39 1
85 131
90 88
15 56
33 157
5 68
67 75
59 134
66 29
64 3
25 14
1 8
76 59
89 31
8 6
23 105
9 76
92 11
21 177
78 19
62 42
36 29
55 108
94 25
27 75
83 15
63 110
33 142
21 129
57 129
8 170
28 132
66 129
17 101
100 25
56 158
1 148
46 178
97 198
70 142
59 176
11 90
37 160
35 16
67 111
80 116
70 28
77 68
19 87
7 51
39 152
85 88
96 193
76 20
69 169
15 100
2 163
42 12
83 118
44 173
42 14
59 183
79 19
83 11
7 192
32 178
30 7
72 114
25 179
54 99
64 142
20 140
29 20
50 108
81 135
4 45
67 60
82 163
62 47
58 174
98 35
10 84
78 140
26 100
88 16
24 166
49 35
86 126
35 10
100 42
24 91
59 194
61 91
53 96
95 80
18 40
52 120
82 137
94 33
28 133
51 106
21 150
37 169
14 81
48 47
44 191
15 34
89 97
36 162
99 125
31 22
82 7
30 103
7 81
6 132
60 21
40 192
31 50
86 129
73 150
20 162
17 3
35 12
45 165
97 40
33 106
96 105
40 131
79 88
3 67
51 87
6 101
11 105
92 139
98 98
38 4
68 99
77 197
11 105
48 92
15 183
88 200
37 65
50 197
48 27
32 87
44 72
56 165
10 87
29 32
56 123
20 68
3 186
66 70
47 57
54 166
18 190
82 143
3 198
9 109
76 24
15 174
13 169
36 28
83 1
90 186
17 190
30 61
62 32
81 93
59 44
91 164
98 13
19 142
28 136
13 130
67 127
92 136
95 153
40 131
69 119
39 129
84 178
21 192
12 195
70 75
76 11
23 22
8 52
93 14
87 143
97 180
85 136
55 52
40 32
34 137
1 1
27 164
41 31
45 92
81 116
36 200
1 132
13 99
63 123
82 150
100 116
35 5
55 35
83 11
43 181
51 199
73 87
59 35
81 196
58 18
25 51
37 27
18 80
35 11
4 122
83 15
68 45
65 138
64 121
10 108
77 74
62 164
44 97
27 96
7 51
20 18
29 41
11 20
24 64
59 200
2 65
80 145
34 196
68 6
60 72
18 144
92 150
77 170
95 39
75 168
3 171
26 27
72 172
23 188
58 186
94 127
21 113
13 187
86 23
88 191
20 186
80 199
83 81
70 38
76 66
67 86
29 132
10 142
94 182
21 75
4 120
51 51
57 144
38 126
25 88
76 133
15 5
56 152
27 4
58 154
58 144
55 88
94 175
38 146
64 53
5 137
59 1
16 82
63 119
66 89
94 14
22 97
77 91
90 131
38 21
89 94
77 194
74 22
77 106
83 152
45 91
63 100
30 196
71 156
90 47
59 77
85 88
80 171
3 187
77 65
51 133
51 153
66 17
81 177
11 198
20 23
97 111
70 103
69 11
5 34
14 86
3 65
99 200
11 66
12 148
70 130
3 108
99 156
80 27
88 113
34 155
95 152
37 145
87 184
9 109
78 100
76 78
98 134
46 5
43 119
56 184
41 101
16 147
95 14
7 90
23 165
64 82
54 187
47 40
94 95
89 90
14 129
75 77
70 107
53 55
44 121
80 150
78 35
53 80
33 32
64 21
69 110
33 145
50 199
6 62
59 93
97 18
81 186
75 157
62 81
53 102
50 193
90 118
93 91
58 5
14 2
58 115
64 99
79 82
35 117
47 90
34 178
97 157
78 126
65 37
1 160
28 130
32 7
57 40
49 6
52 152
38 11
93 118
62 21
24 91
69 28
72 52
26 85
34 171
74 198
32 188
4 119
1 123
67 194
74 188
96 20
98 83
12 132
70 157
72 43
64 6
75 109
72 92
96 127
27 20
13 137
52 28
39 47
13 129
99 178
99 178
68 116
40 92
78 132
47 176
58 134
41 26
55 127
72 3
88 159
77 64
3 72
37 124
30 167
6 28
44 72
87 146
58 151
34 173
46 68
83 199
100 110
77 78
39 75
86 159
38 174
94 32
24 123
20 28
16 80
10 69
85 180
82 141
74 188
81 117
33 19
91 2
65 122
3 28
96 168
92 153
62 172
100 146
59 129
68 172
95 25
29 130
80 29
29 129
43 100
25 84
91 58
53 41
78 98
96 171
2 111
66 89
67 128
63 64
61 59
6 68
45 51
77 189
51 36
31 55
51 198
20 162
72 112
40 188
11 40
43 67
64 104
38 192
79 91
93 144
87 136
53 148
71 45
16 188
59 112
85 120
64 35
68 175
99 134
20 131
60 121
44 108
96 66
74 164
8 84
48 172
94 41
93 93
57 136
18 73
36 122
85 98
3 2
48 11
37 100
90 142
5 192
43 22
12 174
30 159
87 171
96 138
13 45
66 93
46 28
97 114
82 58
53 55
12 36
84 22
15 177
5 6
14 75
97 97
65 99
24 79
67 122
15 28
75 45
81 29
64 96
51 57
100 31
37 29
82 9
45 96
31 190
22 89
6 34
5 126
43 66
70 78
86 15
31 192
15 192
69 126
93 125
20 37
31 114
15 118
99 104
10 18
89 186
15 144
22 174
80 163
6 59
76 19
2 2
11 152
38 200
58 158
30 106
18 61
83 2
93 193
61 42
72 170
31 38
98 4
22 7
12 161
13 116
44 85
24 76
72 187
52 98
37 151
99 104
79 67
72 16
38 46
21 54
65 137
31 9
39 116
54 116
3 177
98 72
8 110
52 37
37 49
37 80
25 175
4 159
6 190
46 163
79 148
23 109
71 200
70 84
68 143
81 30
33 193
59 13
59 173
2 124
10 186
5 162
98 120
36 150
20 198
25 12
39 189
91 118
18 173
64 143
47 135
93 148
24 163
69 20
18 170
78 153
40 142
39 183
65 25
13 165
52 27
28 186
2 72
72 66
72 170
65 185
63 51
92 143
82 69
36 28
100 13
67 14
85 133
28 72
93 74
61 197
42 109
52 70
48 117
100 113
19 101
61 171
97 34
39 198
87 161
67 198
81 62
82 64
51 135
96 85
46 2
37 150
10 77
89 200
86 93
61 90
19 112
43 180
28 14
14 2
29 21
11 81
69 61
51 146
86 61
3 197
16 163
44 63
89 161
39 7
51 182
96 37
74 114
8 188
28 166
13 83
14 163
85 118
29 35
58 66
53 117
13 144
88 188
8 89
86 90
70 44
40 17
60 4
70 147
21 93
30 146
55 144
57 66
75 77
88 190
71 176
88 48
89 119
45 93
7 83
57 96
85 190
11 150
71 140
34 186
15 13
60 194
45 97
51 10
37 45
38 183
45 133
75 159
4 106
60 142
6 110
67 172
61 78
86 142
23 80
39 105
29 28
13 135
75 160
99 3
65 70
28 55
58 73
11 24
62 112
72 184
89 42
27 12
74 35
81 7
38 22
68 111
70 75
2 103
57 90
53 189
86 57
5 124
36 131
3 149
7 66
77 113
28 190
25 42
72 110
2 43
18 78
85 140
49 178
9 155
19 154
5 144
67 166
42 96
96 124
99 36
51 191
39 106
79 107
62 84
39 143
23 56
23 97
62 65
79 56
73 91
13 158
64 76
77 116
73 153
70 3
32 191
42 200
43 60
85 152
49 100
94 165
76 112
99 71
20 20
12 182
98 32
10 14
45 57
20 84
32 1
81 65
73 181
31 61
40 181
80 61
74 177
63 64
55 81
9 31
54 6
100 187
81 176
99 147
77 128
71 70
74 87
2 77
10 141
75 69
42 62
78 108
74 35
36 185
50 93
36 17
5 191
66 128
13 141
92 181
66 191
44 97
20 10
30 16
7 105
30 73
86 112
16 75
28 98
46 64
44 19
85 175
59 144
4 116
14 157
17 155
98 183
17 45
17 20
43 66
5 104
92 16
75 18
17 18
24 149
56 28
50 115
48 190
82 159
8 56
33 106
57 110
5 9
43 123
9 180
9 82
91 138
24 162
69 19
91 66
66 142
4 62
39 53
32 25
18 70
79 76
45 83
82 29
89 35
74 91
65 2
82 97
30 135
96 169
61 69
100 123
35 61
28 6
15 185
71 14
49 171
53 191
22 135
82 137
8 95
38 36
19 182
100 182
33 159
10 115
34 39
93 100
22 56
5 123
39 151
79 133
45 160
1 113
28 88
30 65
58 188
91 135
29 64
25 82
52 138
39 72
68 81
74 149
64 8
79 5
69 199
93 63
13 164
33 172
60 53
58 86
13 113
32 155
87 40
3 84
87 33
27 33
3 27
63 64
7 165
98 198
59 65
1 164
78 174
59 93
6 54
46 80
95 200
62 89
8 87
31 117
83 2
22 86
12 196
35 43
46 7
82 171
89 165
15 163
39 152
28 55
80 67
29 30
3 112
81 153
68 27
64 44
95 38
71 70
58 87
20 158
18 15
50 86
34 132
63 133
4 121
24 64
96 116
28 200
78 145
65 18
75 133
40 178
23 198
63 153
66 113
32 26
5 131
95 95
98 12
92 185
34 105
2 80
93 137
87 24
11 91
90 116
30 30
17 199
80 72
86 193
23 171
4 134
34 101
77 6
45 103
39 40
60 160
88 24
39 154
98 75
98 46
31 200
28 52
76 162
21 182
100 3
77 141
92 11
77 131
28 186
36 115
60 90
94 174
72 104
99 104
9 172
19 66
9 182
61 89
45 100
14 14
33 122
72 183
35 193
51 199
80 123
26 146
95 102
60 99
55 55
60 137
20 169
63 143
73 197
46 75
12 148
8 90
16 12
81 10
31 23
50 143
4 66
63 2
72 148
95 23
1 166
43 190
86 162
97 133
44 6
98 28
12 51
90 129
87 193
3 180
22 118
49 5
42 55
92 45
38 181
78 99
82 20
62 80
80 192
34 60
17 25
57 115
7 128
32 178
16 74
98 167
77 37
97 88
68 49
51 82
63 121
33 141
70 90
91 5
62 3
28 77
19 93
28 151
3 172
79 159
76 191
23 129
16 13
92 96
95 1
75 136
65 63
65 166
8 103
34 183
12 146
17 38
45 42
74 2
65 183
58 119
15 199
61 172
79 150
5 133
6 22
93 81
21 80
53 191
77 180
89 109
29 182
13 129
100 161
87 115
13 168
5 106
44 51
24 118
57 127
25 167
23 145
27 172
54 180
57 62
57 200
82 62
67 142
6 100
52 130
23 186
14 8
68 200
17 82
21 105
32 200
79 166
32 129
28 145
14 50
14 93
36 29
68 172
96 3
34 137
77 52
63 127
26 190
8 81
84 93
18 52
2 162
11 162
26 55
45 120
99 146
39 194
2 160
96 150
45 44
77 86
50 152
18 130
59 179
28 93
6 67
82 95
84 149
5 155
1 195
17 65
30 37
60 79
46 75
9 156
58 122
93 165
53 117
93 107
74 110
13 13
7 85
66 18
85 136
30 9
21 180
80 165
79 163
82 123
65 14
47 198
99 133
20 21
68 20
54 82
23 160
53 151
18 147
92 21
31 140
57 21
90 195
98 186
6 35
20 102
55 9
42 100
87 180
73 166
16 29
63 64
74 113
22 116
73 180
75 152
32 184
10 53
75 87
64 9
55 78
70 24
84 178
91 70
27 39
13 144
53 31
76 107
82 128
40 149
74 33
56 43
21 165
22 66
21 89
97 35
93 83
5 160
60 36
49 164
11 96
43 67
70 106
44 84
56 69
97 120
26 81
5 142
14 123
68 21
37 192
13 38
5 123
7 120
18 149
69 118
83 76
79 79
65 96
79 84
92 177
3 71
73 53
57 9
83 1
4 76
4 149
89 19
95 5
6 8
8 45
94 20
7 78
50 20
36 190
89 41
38 100
10 72
59 4
69 124
52 88
63 57
73 32
60 187
23 82
78 158
40 142
100 7
35 140
94 98
52 111
43 77
94 21
44 125
67 183
63 48
64 175
92 155
98 136
62 69
33 10
38 75
31 45
55 29
34 78
97 121
85 32
35 159
84 173
15 101
83 22
90 187
85 30
43 57
69 85
88 72
88 20
18 127
36 189
24 87
97 13
19 161
43 156
60 102
79 156
42 31
61 184
26 103
61 95
89 53
44 25
61 158
73 153
26 82
45 91
66 198
100 105
67 155
37 73
3 108
8 145
22 53
58 85
12 34
33 184
5 198
88 57
97 198
28 88
15 5
48 170
65 25
39 25
93 173
17 95
78 24
19 156
30 30
38 166
15 38
88 121
51 76
33 8
40 16
73 10
16 62
79 24
38 183
97 13
61 184
97 63
28 114
12 182
86 26
28 195
95 186
36 67
27 7
82 28
67 116
20 182
37 183
100 117
60 170
12 55
44 125
34 73
58 122
7 119
55 73
66 91
13 165
7 30
82 175
40 125
77 18
33 5
67 198
15 98
3 129
38 141
29 195
51 76
67 112
43 6
47 99
54 71
83 113
50 49
39 196
84 164
67 26
27 87
37 37
62 79
99 187
84 135
12 57
10 185
47 28
81 156
16 200
65 71
56 13
33 12
71 86
24 137
28 124
7 11
91 59
51 155
9 90
78 110
69 113
5 199
86 62
1 120
62 137
11 50
69 169
12 113
89 94
76 19
12 80
93 2
18 191
60 87
88 61
72 178
57 194
38 111
37 22
35 195
96 100
3 96
28 61
62 181
21 130
26 50
67 78
97 187
49 27
35 18
53 76
29 26
4 59
79 137
75 133
35 13
38 82
27 50
28 57
45 59
3 43
60 24
34 15
46 6
64 158
97 189
15 159
42 14
20 6
32 116
9 169
72 149
24 76
1 112
98 37
75 161
20 10
72 90
52 73
90 173
51 72
65 160
82 47
83 111
63 162
75 176
37 83
76 51
99 136
46 73
88 97
53 7
31 5
20 195
17 181
31 70
11 193
97 50
86 162
48 125
96 87
54 143
57 116
53 177
18 152
58 14
84 53
35 94
8 142
68 169
58 20
90 193
91 177
87 35
60 41
49 72
64 5
51 22
93 18
72 156
17 42
29 38
26 130
92 158
68 59
18 100
94 148
43 7
48 8
100 116
91 36
90 175
57 109
84 88
27 95
16 127
41 64
26 10
21 38
54 142
38 198
41 173
9 111
49 88
49 174
68 85
67 84
54 162
41 21
74 131
9 194
91 31
49 33
19 82
1 138
67 63
26 166
76 124
80 100
58 83
74 28
63 189
1 199
50 74
64 30
48 199
14 18
87 191
9 100
10 197
26 39
64 112
48 99
32 48
46 90
4 49
83 184
88 101
36 151
38 55
81 56
68 69
11 49
81 197
1 51
76 156
89 163
33 122
1 68
57 66
75 171
40 81
77 27
57 149
72 18
66 56
92 156
96 4
31 86
5 17
86 101
92 150
37 16
46 165
61 11
67 185
28 118
74 116
71 38
80 20
78 66
97 37
45 144
1 94
66 41
75 157
99 130
44 27
82 189
94 88
42 95
13 142
27 83
66 65
25 199
6 26
45 174
53 200
33 110
87 16
5 10
27 198
89 186
10 197
100 17
27 11
78 88
85 193
27 170
95 81
76 56
55 200
25 37
72 151
55 100
62 76
94 73
20 62
15 181
16 186
60 54
75 127
76 158
9 153
5 67
63 188
71 119
82 102
39 33
79 170
27 100
70 98
48 190
95 13
81 27
16 82
90 35
23 108
56 2
46 94
35 174
56 185
6 102
13 147
26 89
22 82
9 157
22 170
68 169
16 19
3 69
71 30
80 112
10 193
51 18
95 81
56 43
11 112
18 148
42 176
94 181
97 46
70 182
71 130
88 138
31 23
78 113
76 166
52 117
62 167
68 135
58 34
28 75
23 50
57 97
2 52
75 165
23 104
26 193
1 13
71 170
12 145
41 104
33 113
53 66
57 85
96 186
6 96
12 148
70 55
18 125
93 96
66 81
5 61
35 165
4 73
73 87
79 74
44 115
44 191
92 191
60 12
65 161
14 36
95 63
18 87
6 40
19 20
22 153
36 103
71 178
4 127
43 162
7 178
16 152
82 106
71 172
55 188
89 21
91 13
26 165
53 48
7 146
55 159
96 117
89 158
81 72
64 142
96 84
25 128
96 89
55 119
92 138
46 156
88 95
53 76
79 116
45 117
48 115
46 73
30 30
67 90
62 191
17 14
36 187
49 37
36 60
43 57
47 199
25 36
96 6
15 65
60 62
86 108
38 83
5 147
3 58
85 169
84 175
31 97
36 193
79 128
65 171
61 30
23 116
67 190
23 9
67 179
36 129
54 181
59 122
13 53
80 186
78 14
34 65
78 165
55 101
70 194
90 157
94 6
4 34
38 183
60 130
31 171
100 159
48 34
45 64
61 158
95 183
39 143
37 99
34 18
21 94
31 170
31 17
31 146
66 7
20 90
76 56
100 152
75 111
51 72
68 46
4 183
3 31
12 85
35 182
43 49
19 6
55 33
53 121
62 170
86 13
50 61
14 107
70 195
77 57
68 42
83 98
33 8
92 28
57 175
47 51
52 170
32 20
56 199
95 132
15 149
27 106
83 16
66 171
41 123
19 21
55 29
86 21
13 136
79 21
94 189
1 8
46 20
32 96
66 59
13 50
24 84
53 160
65 188
69 32
16 89
8 106
56 164
53 144
8 127
2 73
54 145
74 87
13 63
27 50
75 77
3 139
19 30
20 126
90 145
33 74
1 132
44 170
34 45
73 97
90 166
4 98
98 33
49 190
77 117
14 42
21 159
10 159
6 68
81 75
39 166
21 113
2 85
91 13
6 48
8 178
95 197
14 55
66 85
58 15
97 27
88 16
98 182
89 6
59 133
84 193
84 67
66 133
68 4
74 185
77 190
5 178
66 83
94 88
86 38
78 160
39 28
70 132
52 69
37 9
86 90
99 15
45 178
50 14
79 136
44 23
32 95
17 24
48 49
31 21
42 107
27 91
1 110
42 198
48 10
32 158
69 155
32 189
97 96
100 36
86 50
82 143
50 26
78 142
89 142
46 30
1 78
72 135
52 121
51 6
73 141
64 46
59 103
14 115
70 128
20 80
79 73
98 9
94 88
67 59
73 99
46 171
84 76
22 156
68 38
34 29
33 71
33 66
71 103
38 41
10 88
59 120
80 158
94 70
11 24
5 95
56 15
39 116
100 39
99 146
56 21
29 153
18 48
49 136
98 10
54 63
86 32
76 70
18 80
70 188
2 123
59 42
61 43
61 121
42 39
2 33
30 93
95 20
41 95
38 82
32 105
48 62
18 121
11 136
57 72
84 77
59 145
9 20
50 127
73 154
61 28
44 9
36 31
56 148
34 141
68 190
100 195
28 164
81 91
81 128
64 158
26 63
54 153
79 149
17 98
34 72
20 60
44 130
63 170
1 139
49 25
81 14
4 73
100 114
69 53
81 21
77 185
44 156
83 91
38 149
99 149
60 137
42 34
38 20
31 71
5 143
21 124
39 73
42 195
31 137
28 24
83 150
34 57
48 51
25 8
65 5
32 127
36 38
32 52
70 104
100 181
80 130
12 157
9 183
55 168
46 175
59 195
72 125
12 103
12 19
18 192
85 67
87 73
33 72
86 195
33 132
61 45
94 147
96 117
40 95
83 160
3 86
82 199
42 49
59 43
3 86
12 138
100 152
9 146
55 22
48 46
58 193
15 191
12 26
38 4
55 59
6 164
84 108
37 107
4 122
91 52
50 91
16 151
92 109
79 3
3 183
86 133
61 40
31 42
62 15
22 57
58 122
68 28
72 131
47 32
7 48
59 67
8 122
57 143
21 184
43 20
100 37
51 122
67 23
43 110
94 42
51 125
65 132
56 191
4 26
30 198
49 195
53 176
29 83
49 128
57 59
53 132
2 79
84 155
43 128
59 101
26 19
83 63
69 33
23 118
82 145
80 28
73 163
31 130
93 126
58 69
14 77
67 164
58 84
9 144
37 2
25 36
1 106
92 200
73 106
93 161
69 55
86 59
64 48
22 65
41 155
69 164
88 149
44 163
79 150
6 146
42 92
19 6
91 15
43 39
94 93
58 31
26 78
51 34
20 18
26 47
76 18
90 118
49 21
75 106
1 148
7 24
29 16
26 49
97 2
84 157
27 35
18 64
68 77
1 2
83 34
42 161
63 84
13 114
47 132
29 88
28 38
63 116
78 85
98 197
46 75
19 137
8 44
68 53
79 36
82 154
77 126
44 185
57 199
50 73
77 26
6 198
85 60
11 195
17 43
91 75
95 59
35 141
57 193
82 46
67 19
91 19
64 56
38 55
82 28
100 122
12 175
9 147
31 103
12 183
83 2
65 163
26 24
41 30
67 120
30 186
69 75
12 5
90 182
1 163
50 20
48 30
35 51
48 136
51 69
7 104
27 138
15 196
53 92
1 46
13 67
89 2
84 162
17 87
11 98
49 124
74 101
66 76
10 94
97 61
87 15
63 190
42 59
75 39
52 133
95 69
11 200
2 150
73 161
30 153
57 162
98 178
57 17
46 141
41 40
73 137
17 109
63 79
35 173
79 107
21 165
91 186
26 161
55 108
54 32
94 165
10 64
35 158
31 126
100 185
17 57
92 173
9 104
10 22
22 88
100 113
26 90
77 158
96 181
30 79
81 184
75 120
58 195
17 184
24 174
23 71
33 49
74 64
25 30
61 137
31 108
77 88
91 126
28 121
12 164
84 125
30 175
19 29
67 74
4 167
93 16
68 40
97 17
43 35
59 41
60 153
71 106
92 25
2 104
37 50
31 141
41 127
7 47
99 138
87 191
92 12
54 60
71 3
62 23
22 165
31 199
71 5
93 16
23 36
9 40
52 129
67 146
29 196
78 23
70 71
37 65
49 142
85 129
92 81
91 36
44 191
87 18
42 69
93 176
55 160
19 62
73 15
71 178
12 29
75 38
10 125
90 80
75 78
28 161
71 1
97 121
73 73
5 97
76 99
12 120
44 61
5 186
88 172
76 165
57 49
84 150
13 36
25 188
9 59
82 75
8 132
30 4
45 162
57 11
62 181
37 82
46 125
30 4
68 7
57 171
1 137
95 94
28 83
66 5
28 118
12 111
50 50
24 183
99 66
5 90
76 115
64 60
21 62
22 28
42 97
2 125
52 28
83 22
59 82
17 148
44 143
40 117
2 170
22 153
77 155
47 77
82 6
70 120
100 72
69 18
54 161
43 185
54 19
61 101
94 195
59 95
5 181
89 62
52 180
13 138
25 146
2 164
92 133
74 93
48 148
56 182
72 128
93 144
87 94
60 181
40 19
19 127
94 169
68 96
44 82
96 65
56 26
23 191
9 18
76 75
37 73
26 144
80 166
39 130
98 196
48 198
95 197
33 124
69 34
91 116
5 9
15 192
22 161
52 150
54 18
84 194
7 152
19 113
85 82
49 32
77 157
49 94
37 175
18 199
20 129
57 171
21 76
95 142
11 15
100 145
4 71
87 9
98 49
36 7
45 156
100 72
10 35
84 70
35 73
1 158
40 61
34 91
22 169
34 139
14 173
96 64
84 17
52 50
57 51
40 100
6 182
51 108
58 12
68 102
77 156
86 147
61 63
15 22
1 112
15 103
25 179
6 12
9 40
24 141
33 71
87 110
65 21
34 90
48 24
46 54
70 192
26 172
51 95
87 122
30 106
23 154
6 64
53 107
14 26
90 72
46 76
98 7
73 44
30 76
82 200
52 71
76 124
12 75
77 100
66 73
72 95
64 181
94 157
89 118
50 10
18 68
16 27
84 109
4 128
30 49
26 195
24 7
73 137
20 95
48 118
29 129
41 158
17 198
56 1
63 62
26 94
20 81
3 139
21 82
12 60
2 193
85 18
54 176
30 22
99 104
9 79
51 68
3 183
6 158
66 5
82 137
70 191
53 104
66 21
78 45
78 198
95 91
35 37
64 64
99 44
80 38
69 132
96 145
47 36
68 78
34 64
82 193
26 84
52 119
39 137
54 158
30 142
31 161
52 43
40 81
52 42
3 200
47 192
60 168
81 19
50 4
41 131
64 61
62 133
29 15
88 174
73 5
20 101
85 50
20 85
94 113
84 129
52 160
62 89
100 57
97 76
12 185
99 150
51 52
29 108
77 9
50 181
91 113
52 155
34 38
86 34
96 98
41 193
60 86
69 15
35 116
42 24
91 102
64 24
31 96
100 78
99 83
69 157
57 196
13 191
40 5
39 123
52 91
53 129
66 176
93 19
78 65
50 190
70 66
24 9
89 72
35 30
39 23
84 167
14 14
48 106
74 96
71 103
57 124
73 170
59 63
98 173
36 72
7 8
73 52
2 123
99 4
78 50
94 76
45 58
67 109
54 4
84 85
6 87
36 117
8 27
1 43
80 140
77 121
18 115
9 142
64 171
36 68
97 98
31 154
34 175
83 106
12 59
99 85
76 11
8 70
16 181
39 116
43 40
1 12
42 193
57 7
36 20
65 56
39 15
98 72
72 181
22 181
93 26
58 104
80 98
21 63
39 23
22 43
22 187
65 162
61 130
49 191
22 20
48 40
13 177
91 40
15 101
8 55
84 127
10 15
87 101
15 96
47 186
20 150
94 178
88 65
37 21
53 134
96 51
76 44
76 135
47 105
54 15
26 102
28 195
17 24
38 123
31 49
54 6
40 167
35 8
54 2
92 3
58 172
61 50
66 172
37 146
81 107
87 26
87 107
54 69
53 5
38 165
100 18
64 194
6 84
61 59
40 38
28 84
91 81
96 177
28 144
63 145
90 22
12 63
99 111
10 29
70 60
38 82
47 179
3 38
51 127
88 171
49 115
38 15
25 61
82 47
8 97
37 69
77 26
30 77
99 129
96 197
94 127
17 51
94 29
13 132
53 86
35 41
13 27
33 20
79 184
35 100
38 13
62 134
94 192
81 45
46 64
35 35
3 141
26 176
91 174
60 41
35 19
28 93
29 117
79 133
17 82
43 106
16 29
95 27
1 190
41 134
36 166
1 175
48 70
90 184
18 8
26 176
98 45
25 102
16 9
90 23
79 60
61 15
68 194
80 108
75 125
85 33
54 34
20 162
94 113
97 91
9 137
48 182
56 52
23 141
94 142
7 4
86 180
83 75
46 171
13 115
99 70
30 94
78 84
41 12
48 104
43 107
70 19
49 86
64 128
21 33
40 174
18 164
1 43
71 23
32 175
78 189
69 191
92 84
23 43
31 116
30 74
91 197
29 157
71 14
59 89
89 131
60 176
35 31
68 146
58 186
36 104
42 149
62 58
95 68
90 161
76 170
72 119
11 116
72 38
44 70
88 87
33 75
25 36
53 4
8 152
80 118
61 101
30 16
93 69
59 165
77 197
83 16
51 135
5 45
89 168
17 168
75 106
94 64
28 154
57 59
52 188
8 56
8 61
50 25
30 26
48 120
79 31
79 163
22 19
14 187
91 130
26 89
56 194
84 186
95 18
84 13
76 184
52 2
36 194
30 78
14 160
89 132
53 88
9 166
50 129
82 4
87 92
59 196
48 199
87 122
45 28
19 90
37 67
90 180
1 59
54 55
64 166
83 162
77 174
73 183
46 58
21 48
12 6
91 86
42 2
19 176
26 1
9 185
66 60
3 69
20 64
21 45
80 110
34 57
1 50
22 118
98 166
14 161
30 168
52 34
10 145
67 75
79 167
49 171
43 157
75 174
71 97
88 40
39 119
14 90
29 20
98 44
6 110
14 76
1 194
88 54
33 77
92 36
75 175
86 159
88 13
30 191
29 167
96 175
27 153
67 93
27 109
91 177
51 144
45 83
78 180
100 66
6 39
86 170
79 122
89 70
6 84
55 71
91 160
70 59
47 172
4 185
61 19
46 172
20 94
99 198
12 6
44 167
1 141
81 142
17 86
14 128
72 26
79 190
91 13
61 139
72 136
75 79
87 104
63 62
17 111
72 125
44 1
59 61
67 25
9 176
43 61
37 68
79 191
66 150
16 78
36 40
96 69
98 174
87 66
58 182
19 82
60 159
12 107
7 155
99 98
9 119
8 126
18 130
93 68
84 140
54 92
46 26
82 59
61 167
79 123
70 77
52 161
34 20
50 117
34 34
37 31
87 76
89 136
36 131
65 39
1 43
18 69
100 200
78 99
58 106
3 10
57 98
51 163
99 85
86 40
41 57
66 98
53 174
25 37
29 191
48 121
25 64
51 179
58 106
41 171
16 198
61 175
29 174
97 8
95 122
42 66
48 89
81 2
20 102
16 84
15 141
48 67
31 166
53 132
100 34
70 100
98 107
19 81
51 169
48 175
66 154
36 101
27 169
90 79
35 67
91 149
3 118
12 155
100 35
93 98
58 5
81 103
5 122
36 178
71 58
75 114
95 198
80 168
37 10
77 65
56 6
73 120
84 33
32 35
12 15
94 52
51 190
31 98
77 91
65 193
28 154
59 40
100 93
12 2
92 132
75 160
33 174
14 69
8 103
13 185
23 75
12 57
20 26
55 71
54 181
89 174
12 48
27 130
99 168
38 125
58 198
23 164
64 20
26 148
73 120
70 119
53 7
95 59
89 164
1 101
11 121
52 113
65 133
15 62
17 78
85 72
52 41
10 109
38 152
50 125
32 51
63 179
93 26
56 17
38 58
62 171
98 94
58 187
84 80
7 181
14 168
78 195
81 36
99 28
58 129
57 152
25 137
96 111
72 173
31 139
31 36
41 163
29 109
8 186
85 66
64 63
85 6
4 158
71 136
66 15
91 176
44 61
44 89
54 90
22 143
22 49
87 171
54 156
57 166
97 119
36 42
57 117
100 151
43 145
64 28
31 167
40 100
1 68
69 164
65 188
79 193
55 155
11 7
26 94
74 120
13 42
60 65
70 181
93 52
71 20
94 145
63 13
83 38
50 38
31 121
99 149
79 67
89 113
28 191
95 121
71 51
9 196
66 103
100 64
69 84
25 63
43 191
69 111
94 149
39 81
83 33
10 109
29 100
40 59
47 20
80 181
10 96
96 131
50 27
18 39
40 144
4 171
51 77
73 87
21 114
10 63
29 75
25 140
7 52
89 50
35 189
38 50
25 119
14 89
92 118
76 73
82 87
69 54
8 91
8 67
50 109
37 126
61 96
53 114
95 140
43 52
7 139
79 200
17 71
100 84
28 95
71 5
78 58
6 105
24 59
85 109
100 197
84 32
91 56
76 199
74 140
71 50
34 86
50 7
58 193
17 54
78 55
42 5
82 128
33 37
97 114
60 68
62 98
45 156
14 18
60 131
31 115
35 13
41 181
15 8
56 21
89 14
17 197
77 72
12 90
94 104
9 67
1 32
93 125
10 121
51 55
81 143
92 154
29 123
4 152
47 9
90 10
37 164
38 34
5 6
61 128
27 84
97 195
89 88
93 182
62 169
6 14
21 169
47 137
73 78
51 73
65 11
74 176
8 151
57 14
68 6
57 49
2 95
84 93
80 22
26 60
14 123
67 48
14 139
62 199
13 93
34 181
97 119
26 24
78 41
74 160
21 106
31 54
46 147
48 119
8 89
95 112
5 87
46 116
36 19
99 36
59 63
88 63
20 99
99 50
83 145
9 105
93 1
17 30
16 191
83 113
23 137
5 178
71 149
39 123
5 171
94 33
18 134
2 140
17 121
84 5
92 159
33 152
30 20
85 26
99 130
6 53
80 183
1 89
72 77
29 109
23 57
89 30
87 33
52 15
88 47
43 170
96 59
75 182
83 25
44 178
71 86
17 56
51 9
25 133
37 191
53 89
66 39
90 194
61 104
66 22
74 79
38 176
52 5
47 114
88 9
2 13
45 90
8 148
85 64
93 160
81 91
35 55
88 44
43 182
60 139
28 9
30 112
71 184
75 174
49 141
54 100
38 83
52 126
50 129
5 92
91 71
21 194
15 105
23 96
30 41
36 146
37 129
52 42
76 42
77 188
33 31
4 155
6 133
60 194
9 39
52 142
73 28
64 98
88 140
14 186
68 108
66 181
82 142
53 165
25 189
30 120
38 127
71 164
88 27
93 174
63 93
4 156
97 15
14 84
40 75
86 140
44 111
25 116
40 151
52 9
64 121
3 195
22 141
33 152
41 188
72 130
49 43
59 79
89 176
35 49
37 28
38 45
84 105
14 7
68 29
49 166
72 127
91 147
31 66
80 40
93 33
12 175
19 122
21 120
50 142
56 71
68 159
50 189
14 162
28 22
17 127
88 196
28 119
18 98
30 30
16 83
4 33
89 3
80 130
72 54
43 137
64 112
9 69
46 61
31 187
23 18
86 134
94 187
53 64
37 150
70 72
15 32
73 181
44 191
30 178
42 88
74 42
39 114
51 198
27 179
71 68
87 25
62 146
98 99
3 123
59 121
89 169
7 41
2 101
40 100
79 83
2 160
49 161
29 39
80 161
40 128
2 20
1 28
86 2
80 52
33 80
28 178
45 41
91 61
29 32
74 168
60 36
5 77
13 157
71 94
26 14
10 92
63 116
4 196
50 46
97 103
9 174
13 136
15 111
16 76
63 110
100 189
29 70
46 143
10 183
33 167
46 55
39 88
32 20
68 8
2 64
16 2
25 101
76 61
63 147
73 134
48 129
4 1
58 56
33 126
24 14
9 65
80 17
9 162
55 82
58 95
74 149
86 71
18 54
48 200
73 158
66 82
31 166
29 94
6 75
51 162
6 51
25 78
20 15
80 132
81 49
33 3
53 168
61 60
24 177
46 81
49 56
75 3
98 32
52 3
19 47
62 51
82 53
96 141
13 63
54 108
94 55
13 163
76 94
47 187
51 5
88 184
46 64
61 174
67 52
4 184
63 67
45 129
6 101
3 142
61 57
81 4
85 157
14 182
39 10
23 66
43 67
81 69
42 79
63 140
63 117
85 68
23 136
49 92
11 67
20 50
14 126
21 130
12 106
81 190
50 138
50 147
11 146
34 112
99 100
62 13
46 105
52 177
38 197
8 4
93 14
18 79
81 14
12 96
69 143
53 194
45 38
95 77
76 19
9 106
33 8
84 1
79 48
56 110
34 99
97 66
87 31
58 198
86 32
4 45
89 195
63 186
71 183
10 136
54 150
72 89
14 19
72 81
96 76
81 115
21 33
4 68
99 93
34 55
8 69
92 17
40 119
6 38
37 149
20 67
69 130
11 54
97 92
39 59
99 34
99 56
65 96
94 75
35 169
33 115
80 20
49 20
58 58
38 175
100 87
96 16
49 103
77 106
57 123
15 40
29 132
51 150
84 160
78 80
8 18
35 56
55 54
90 126
18 117
43 99
1 22
54 126
53 143
14 163
23 90
7 33
26 2
100 187
46 136
12 41
98 57
53 8
35 115
47 7
65 88
70 131
43 121
22 174
50 143
30 99
11 134
99 5
70 164
6 16
13 144
61 184
20 126
22 49
81 18
92 199
12 154
22 175
73 89
73 30
40 90
61 96
53 146
87 27
8 97
58 197
91 177
4 100
64 88
42 141
36 123
78 6
9 156
71 80
94 142
58 103
95 125
4 92
72 188
80 37
62 137
39 171
82 171
65 76
52 199
42 122
66 127
68 29
76 93
14 148
99 31
6 65
91 83
51 70
10 92
30 34
18 45
93 64
32 166
77 2
77 37
9 154
53 70
2 34
71 86
42 29
64 52
87 20
40 186
20 125
93 3
31 50
1 37
93 118
46 176
86 165
3 103
95 108
70 63
69 22
52 182
75 153
85 143
23 41
53 50
61 11
34 136
97 21
38 24
74 20
79 92
51 53
62 160
76 176
73 195
64 26
48 118
62 170
78 77
10 126
19 180
81 55
68 117
43 75
63 135
96 9
9 176
5 82
57 190
97 94
38 194
31 140
59 54
78 7
46 73
54 13
22 72
53 137
17 175
38 44
6 193
84 7
98 132
30 36
94 1
21 182
64 91
91 198
89 109
27 143
10 120
9 68
54 13
8 185
52 184
57 24
41 47
89 149
27 74
17 35
47 58
81 112
32 198
75 158
42 156
78 140
82 85
7 157
42 12
6 111
32 88
20 175
74 32
59 123
100 15
3 191
97 185
100 100
47 164
59 118
25 130
54 141
90 38
54 111
84 4
35 107
38 7
59 25
13 77
67 192
73 117
34 152
24 93
98 82
31 45
68 69
51 120
79 170
14 91
72 162
78 14
80 182
70 36
55 102
8 134
15 110
17 180
40 167
79 86
87 106
92 72
33 171
36 5
37 171
57 101
92 37
61 26
52 158
79 39
27 63
6 10
38 108
66 12
89 114
52 94
44 173
60 150
98 47
96 26
73 64
40 92
59 66
73 111
24 44
71 161
75 130
62 42
57 35
30 124
31 3
33 98
40 129
17 190
20 123
55 142
26 57
72 199
60 144
89 165
94 129
72 18
48 97
97 117
62 153
46 172
92 112
83 77
71 104
32 177
65 86
1 106
97 38
46 31
27 31
91 78
96 115
59 129
65 114
71 84
68 7
2 85
12 83
66 29
66 176
61 6
16 192
29 62
16 176
77 3
72 183
25 159
50 92
32 95
62 7
12 14
51 61
69 167
41 58
49 10
12 75
44 110
58 162
68 9
42 157
32 140
52 160
44 147
10 58
75 83
20 126
19 36
16 156
77 193
5 111
70 69
57 175
9 97
97 114
22 140
24 150
98 138
98 51
4 64
22 135
59 174
62 25
61 37
62 154
72 148
48 81
35 110
82 38
71 182
44 65
91 166
44 140
16 68
91 78
29 62
93 153
10 151
56 87
11 194
85 161
55 23
16 39
21 28
22 103
64 54
91 135
82 64
77 189
46 106
53 130
14 182
96 98
70 143
19 64
75 107
74 135
78 83
75 91
40 144
13 161
42 8
43 173
5 25
27 51
100 142
54 192
57 55
94 33
4 14
5 36
97 167
12 150
81 135
64 172
76 65
16 86
46 181
11 193
74 74
59 85
78 165
74 118
92 3
11 6
28 171
89 51
59 191
11 92
91 124
4 50
81 160
89 165
35 52
23 45
70 19
63 106
99 10
67 126
24 71
4 177
13 62
16 125
79 50
80 35
54 138
90 93
10 21
83 102
91 6
16 71
13 195
98 76
4 18
39 198
92 29
19 194
49 177
80 170
10 9
86 130
68 104
30 101
56 95
75 49
12 67
5 121
90 26
9 74
17 104
38 152
10 5
3 17
46 178
52 162
77 188
25 113
18 159
44 107
15 54
11 110
19 2
50 138
95 98
10 124
50 122
54 3
20 183
25 22
33 33
48 181
37 130
90 200
11 142
65 141
51 195
22 134
16 116
24 129
22 80
36 2
3 136
25 62
76 137
87 33
26 55
97 67
57 139
31 127
5 6
68 132
99 6
8 55
99 192
42 40
36 7
24 100
27 115
34 179
96 102
16 27
61 91
2 165
67 72
99 142
10 6
73 144
65 198
62 186
12 182
32 78
5 29
1 58
59 171
6 129
68 164
100 90
93 70
48 113
41 81
67 109
28 7
81 138
87 4
35 127
86 184
66 83
100 194
23 164
92 87
80 192
54 140
60 31
99 56
29 153
13 5
41 108
73 113
35 8
46 151
12 191
74 132
65 159
63 71
74 90
35 56
4 144
16 165
39 3
39 120
87 187
28 109
84 35
49 171
55 12
22 88
31 40
80 2
88 114
36 84
35 156
87 109
6 193
20 167
45 108
29 79
38 89
65 80
24 2
50 165
78 77
31 23
34 52
32 147
44 116
68 120
45 99
67 87
95 179
100 68
15 100
5 84
12 161
6 199
50 2
18 56
47 90
60 51
20 186
38 55
16 101
7 84
8 37
74 70
18 110
61 74
76 114
19 64
51 5
1 2
77 145
51 12
50 109
66 29
50 185
97 93
36 174
9 7
21 35
69 145
72 27
46 153
88 165
46 154
6 156
75 80
49 89
63 8
24 157
9 68
11 107
26 166
44 197
30 114
75 78
28 40
95 96
33 162
72 87
47 131
42 14
16 153
75 8
27 157
80 186
53 137
55 127
97 121
61 107
93 148
22 165
47 60
41 190
36 117
7 95
70 11
66 11
88 95
18 24
98 51
10 116
30 163
27 165
66 143
50 169
31 182
47 39
42 45
74 14
72 121
37 85
83 185
66 179
87 71
10 144
86 185
14 67
44 163
34 61
77 127
55 77
76 8
57 102
48 146
32 198
97 70
98 137
70 150
74 14
80 4
8 87
53 95
9 87
30 112
44 103
94 42
29 65
64 145
56 129
90 188
69 112
35 54
23 179
38 177
99 12
72 108
95 23
48 94
50 96
1 75
85 91
100 96
71 91
99 1
45 15
8 35
85 187
78 46
39 187
16 147
28 69
3 151
19 39
75 166
42 6
33 140
18 113
96 72
57 53
56 10
83 170
66 126
18 22
89 49
3 57
48 179
30 145
17 198
21 135
54 38
31 1
10 122
26 1
74 26
44 110
48 25
26 153
12 5
90 115
37 21
61 29
34 66
11 32
94 64
3 159
61 175
47 25
16 190
58 107
42 23
62 54
23 97
58 172
81 161
100 161
90 10
96 128
26 176
66 123
49 95
63 47
23 185
58 127
70 39
20 128
95 167
26 141
65 96
56 83
26 154
25 56
56 57
9 160
31 84
88 40
36 120
29 143
89 147
79 49
1 86
86 78
51 170
57 130
62 182
95 127
92 151
20 160
43 26
70 46
7 38
95 9
77 134
52 47
27 117
6 169
33 74
20 86
76 150
21 143
5 44
8 22
68 129
49 33
30 36
10 59
64 95
74 116
65 14
48 103
25 24
43 29
98 36
80 1
27 70
33 36
56 122
57 73
41 135
24 35
66 200
49 117
3 119
93 51
95 67
93 8
91 172
7 71
64 164
56 181
44 160
82 95
77 151
36 200
74 194
2 54
71 53
76 158
7 13
64 164
33 155
28 168
16 168
92 101
98 1
64 172
22 196
2 105
69 187
61 4
22 2
50 82
33 188
2 165
82 90
48 177
81 30
16 80
49 165
73 193
78 155
46 197
43 28
75 18
67 48
46 35
26 30
45 175
44 20
35 137
18 134
45 41
76 37
53 17
90 154
99 186
78 19
76 199
41 141
93 186
13 4
69 95
78 22
45 54
63 158
47 60
92 136
69 36
94 176
96 169
59 32
68 16
11 49
21 68
69 2
91 58
49 151
30 94
26 99
52 37
24 34
35 29
36 32
78 82
79 38
60 178
96 6
51 19
60 53
10 11
35 144
49 48
89 42
27 2
2 85
46 46
61 135
90 60
66 127
43 123
47 40
25 131
92 157
37 131
79 197
66 148
99 82
27 6
46 156
22 194
25 115
49 63
43 173
69 81
54 5
81 143
45 85
32 163
97 5
21 152
54 108
73 183
40 198
30 42
43 94
3 133
68 30
67 74
46 86
19 4
19 17
14 118
62 6
16 132
5 109
11 50
46 200
11 36
28 84
73 70
99 80
16 165
91 78
12 93
45 167
16 189
43 196
49 128
90 122
5 69
5 174
27 89
51 177
21 75
13 141
16 1
41 65
7 49
38 146
10 170
90 35
100 180
52 77
35 117
21 178
59 62
100 39
2 101
33 73
74 84
68 9
95 10
63 154
47 193
41 98
99 152
95 64
72 169
94 69
34 61
19 110
63 175
84 89
11 183
60 37
99 32
53 199
31 75
63 178
5 189
19 103
26 151
81 118
91 197
43 92
49 1
15 109
32 24
67 147
74 29
3 15
86 29
79 136
15 3
10 58
40 77
10 41
52 47
36 190
82 118
50 169
64 79
15 160
75 41
15 110
24 168
71 143
94 44
48 147
56 34
7 74
76 145
4 159
48 48
55 192
27 173
26 132
76 33
57 134
95 138
78 17
72 129
8 13
100 190
74 33
69 40
96 193
65 65
14 186
30 66
32 27
40 83
100 55
24 69
81 64
92 179
28 182
38 134
94 40
82 25
66 74
50 93
87 7
52 158
3 185
26 109
33 192
61 150
52 151
92 93
69 37
58 77
55 186
59 177
81 64
11 199
48 117
39 97
29 70
80 126
89 197
9 17
95 70
92 96
50 175
45 71
4 134
82 22
69 127
10 81
20 118
87 134
95 186
57 188
70 19
81 186
42 70
94 166
54 38
31 152
17 52
54 109
33 122
79 192
36 5
15 102
5 154
70 176
77 50
31 167
30 57
88 107
19 123
14 92
54 31
1 69
27 121
7 6
49 131
29 177
70 59
43 95
58 19
85 180
40 45
6 168
100 133
60 103
96 84
72 68
38 138
23 49
38 156
100 130
8 142
37 187
76 106
5 14
12 82
80 90
89 50
64 24
74 66
81 176
5 90
20 196
87 7
44 3
35 173
42 113
38 197
70 76
41 170
25 146
30 70
65 58
84 122
39 168
78 22
68 37
26 85
22 13
22 77
8 131
14 197
89 19
71 64
56 118
79 10
71 43
86 32
18 91
65 85
7 62
81 97
96 181
30 84
87 120
93 45
84 177
98 60
67 112
38 62
88 32
16 66
60 121
82 143
70 143
31 41
86 4
51 108
37 58
6 144
98 52
92 94
38 37
61 65
58 120
80 40
49 153
69 83
47 164
27 36
86 150
63 33
78 56
27 31
56 59
30 33
55 72
49 105
33 55
93 125
13 107
1 102
19 3
6 77
37 188
69 167
56 30
2 11
91 12
83 65
47 160
98 118
66 14
22 109
86 191
43 128
32 33
81 175
38 149
51 143
77 42
20 47
67 16
98 64
47 199
33 67
1 121
90 15
84 141
16 67
51 85
75 32
60 122
64 43
79 39
44 146
59 68
100 181
32 60
31 55
80 9
22 116
63 118
41 77
77 148
31 194
71 97
8 40
52 135
1 51
37 73
12 126
23 83
96 96
61 26
95 25
33 66
38 117
83 71
9 64
51 133
75 163
18 132
84 158
9 94
77 31
73 99
72 129
50 64
33 177
89 163
40 149
31 194
1 134
32 188
64 143
64 55
24 70
29 12
93 171
41 25
16 6
6 181
24 14
67 185
39 167
48 165
67 148
73 17
66 150
79 189
71 91
47 74
21 170
31 43
12 198
6 46
10 193
84 64
24 107
78 160
78 131
67 114
65 181
71 87
30 141
18 146
41 123
45 14
20 40
48 175
9 40
71 47
55 159
51 10
12 177
36 59
50 61
65 168
7 49
17 92
89 44
75 44
12 128
80 36
35 151
33 82
100 64
17 114
15 137
12 28
79 103
68 92
58 36
58 73
92 160
12 152
11 179
2 17
34 138
86 194
91 160
65 10
56 151
67 33
93 79
34 79
42 166
46 66
44 128
91 20
62 129
3 19
32 97
77 82